# Rank-truncation walltimes (seconds), eps = 1e-300 in both arms.
# Lorenz-96, dt = 0.05, phi radius = 10 samples = 0.5 time units, degree 16.
# Rows 0..7: vs-M sweep at D=8, M=[500, 1000, 2000, 3000, 5000, 10000, 20000, 40000]
# Rows 8..13: vs-D sweep at M=5000, D=[4, 5, 6, 7, 8, 9]
# Columns: first half = original construction, second half = low-rank.
# A zero marks a point where the original construction was skipped.
4.763293266296386719e-01 5.028903484344482422e-01 4.927620887756347656e-01 4.825494289398193359e-01 4.806582927703857422e-01 4.874277114868164062e-01 4.984977245330810547e-01 4.990873336791992188e-01 4.816977977752685547e-01 4.954261779785156250e-01 2.710998058319091797e-01 2.573039531707763672e-01 2.653472423553466797e-01 2.653586864471435547e-01 2.753262519836425781e-01 2.872703075408935547e-01 2.740209102630615234e-01 2.662858963012695312e-01 2.715113162994384766e-01 2.718055248260498047e-01
6.544723510742187500e-01 6.389617919921875000e-01 6.371719837188720703e-01 6.550841331481933594e-01 6.491806507110595703e-01 6.526083946228027344e-01 6.431064605712890625e-01 6.641185283660888672e-01 6.392116546630859375e-01 6.464285850524902344e-01 3.487069606781005859e-01 3.463385105133056641e-01 3.429999351501464844e-01 3.338840007781982422e-01 3.285593986511230469e-01 3.423311710357666016e-01 3.353331089019775391e-01 3.501477241516113281e-01 3.396739959716796875e-01 3.376619815826416016e-01
9.493949413299560547e-01 9.644317626953125000e-01 9.823858737945556641e-01 9.898326396942138672e-01 9.611852169036865234e-01 9.721739292144775391e-01 9.843895435333251953e-01 9.766049385070800781e-01 9.917523860931396484e-01 1.033339262008666992e+00 4.349913597106933594e-01 4.363169670104980469e-01 4.476878643035888672e-01 4.335443973541259766e-01 4.677333831787109375e-01 4.846789836883544922e-01 4.896178245544433594e-01 4.848918914794921875e-01 4.794898033142089844e-01 4.933359622955322266e-01
1.494222164154052734e+00 1.572844266891479492e+00 1.505062580108642578e+00 1.510931968688964844e+00 1.514955759048461914e+00 1.526476383209228516e+00 1.504411220550537109e+00 1.542742252349853516e+00 1.515129804611206055e+00 1.546869993209838867e+00 6.095154285430908203e-01 5.917737483978271484e-01 6.243288516998291016e-01 6.069025993347167969e-01 5.896456241607666016e-01 6.603260040283203125e-01 6.057589054107666016e-01 5.850837230682373047e-01 5.985584259033203125e-01 5.991265773773193359e-01
2.788731098175048828e+00 2.905911207199096680e+00 2.813754320144653320e+00 2.827550411224365234e+00 2.843942642211914062e+00 2.816351652145385742e+00 2.799736499786376953e+00 2.786635875701904297e+00 2.816380262374877930e+00 2.792053461074829102e+00 8.660836219787597656e-01 8.581054210662841797e-01 8.839483261108398438e-01 8.475608825683593750e-01 8.403680324554443359e-01 8.743224143981933594e-01 8.505742549896240234e-01 8.791561126708984375e-01 8.732039928436279297e-01 8.569955825805664062e-01
9.388554334640502930e+00 8.357892990112304688e+00 8.992043733596801758e+00 9.024055480957031250e+00 9.144014835357666016e+00 8.955474615097045898e+00 8.689950466156005859e+00 8.734682559967041016e+00 8.384748220443725586e+00 8.378225803375244141e+00 1.644006013870239258e+00 1.632032155990600586e+00 1.652497529983520508e+00 1.770145893096923828e+00 1.853780269622802734e+00 1.683895349502563477e+00 1.632783412933349609e+00 1.648604869842529297e+00 1.649345159530639648e+00 1.652946710586547852e+00
0.000000000000000000e+00 0.000000000000000000e+00 0.000000000000000000e+00 0.000000000000000000e+00 0.000000000000000000e+00 0.000000000000000000e+00 0.000000000000000000e+00 0.000000000000000000e+00 0.000000000000000000e+00 0.000000000000000000e+00 3.253313541412353516e+00 3.254946470260620117e+00 3.260356664657592773e+00 3.274843454360961914e+00 3.289402246475219727e+00 3.409431219100952148e+00 3.445752382278442383e+00 3.197778701782226562e+00 3.226675748825073242e+00 3.198391675949096680e+00
0.000000000000000000e+00 0.000000000000000000e+00 0.000000000000000000e+00 0.000000000000000000e+00 0.000000000000000000e+00 0.000000000000000000e+00 0.000000000000000000e+00 0.000000000000000000e+00 0.000000000000000000e+00 0.000000000000000000e+00 6.209252357482910156e+00 6.985688686370849609e+00 6.240209579467773438e+00 6.643344879150390625e+00 6.332012891769409180e+00 6.331140041351318359e+00 6.331799745559692383e+00 6.262556076049804688e+00 6.300418853759765625e+00 6.315466880798339844e+00
9.371142387390136719e-01 8.858349323272705078e-01 9.708120822906494141e-01 9.742658138275146484e-01 9.594216346740722656e-01 1.006369590759277344e+00 9.562790393829345703e-01 9.692091941833496094e-01 9.938895702362060547e-01 9.454469680786132812e-01 7.941317558288574219e-02 7.895612716674804688e-02 7.694387435913085938e-02 7.296299934387207031e-02 8.089804649353027344e-02 7.639002799987792969e-02 7.070922851562500000e-02 7.254886627197265625e-02 7.402968406677246094e-02 7.235264778137207031e-02
1.045596599578857422e+00 1.122762918472290039e+00 1.112098217010498047e+00 1.133640766143798828e+00 1.158340215682983398e+00 1.133590698242187500e+00 1.175698041915893555e+00 1.097419023513793945e+00 1.103731393814086914e+00 1.128040313720703125e+00 1.209175586700439453e-01 1.207225322723388672e-01 1.338689327239990234e-01 1.349847316741943359e-01 1.261646747589111328e-01 1.228811740875244141e-01 1.186020374298095703e-01 1.270751953125000000e-01 1.140575408935546875e-01 1.148936748504638672e-01
1.290897130966186523e+00 1.357795000076293945e+00 1.354859352111816406e+00 1.396485328674316406e+00 1.335929632186889648e+00 1.387872695922851562e+00 1.403498411178588867e+00 1.377905130386352539e+00 1.366648674011230469e+00 1.374765157699584961e+00 2.174627780914306641e-01 2.120592594146728516e-01 2.093927860260009766e-01 2.072296142578125000e-01 1.977789402008056641e-01 2.031381130218505859e-01 2.033810615539550781e-01 1.951515674591064453e-01 1.984877586364746094e-01 2.038850784301757812e-01
1.799148321151733398e+00 1.872170448303222656e+00 1.903424263000488281e+00 1.876189470291137695e+00 1.869096755981445312e+00 1.893368482589721680e+00 1.922127246856689453e+00 1.870475769042968750e+00 1.896995067596435547e+00 1.931950569152832031e+00 3.871750831604003906e-01 3.983097076416015625e-01 3.937041759490966797e-01 3.875837326049804688e-01 4.005205631256103516e-01 3.987166881561279297e-01 3.894429206848144531e-01 3.989832401275634766e-01 3.921515941619873047e-01 3.865985870361328125e-01
2.722432613372802734e+00 2.842129945755004883e+00 2.789587974548339844e+00 2.807323694229125977e+00 2.813565731048583984e+00 2.814441680908203125e+00 2.816934108734130859e+00 2.860269308090209961e+00 2.794760465621948242e+00 2.829911708831787109e+00 8.470199108123779297e-01 8.667290210723876953e-01 8.704040050506591797e-01 8.650405406951904297e-01 8.915424346923828125e-01 8.557388782501220703e-01 8.631970882415771484e-01 8.656878471374511719e-01 8.744215965270996094e-01 8.752737045288085938e-01
5.667683124542236328e+00 6.910523891448974609e+00 6.984697580337524414e+00 6.517926216125488281e+00 6.841798543930053711e+00 5.945377111434936523e+00 6.071717023849487305e+00 6.403205633163452148e+00 6.423238754272460938e+00 6.377797603607177734e+00 3.339111566543579102e+00 3.049603223800659180e+00 2.866892576217651367e+00 2.882477521896362305e+00 2.915828227996826172e+00 2.897535324096679688e+00 2.889114379882812500e+00 2.959023475646972656e+00 2.915553331375122070e+00 2.888835430145263672e+00
