# D=3 M=200000 dt=0.01 alpha=10 beta=14.87 delta=(-1.142857,0.063492) r_frac=0.00050 n_trials=5
# noise weak_mean_d0 weak_mean_d1 weak_mean_d2 weak_std_d0 weak_std_d1 weak_std_d2 strong_mean_d0 strong_mean_d1 strong_mean_d2 strong_std_d0 strong_std_d1 strong_std_d2
1.000000000000000082e-05 6.769578323309823249e-06 1.058457921052474626e-05 6.432240800909686910e-06 1.580730002419475651e-06 3.649486206264486566e-06 6.041774060244774138e-07 2.008104825168737298e-04 2.739095329918755928e-04 6.783140028765086670e-05 2.869996733299232552e-06 5.746138038246059734e-06 4.895474374674668492e-07
1.000000000000000048e-04 4.344291234248351147e-05 1.087427127679375504e-04 4.500714303164780964e-05 1.519421545197410269e-05 1.547209623633634743e-05 1.707399641781872886e-05 2.091564316639859427e-04 3.609504473419287637e-04 8.041805364308942945e-05 1.172568008182481472e-05 9.339263999367902714e-05 1.317682690388936814e-05
1.000000000000000021e-03 2.825605309351303385e-04 1.082085129392724391e-03 3.328934427245190046e-04 8.705378062381368570e-05 4.209282437655832861e-04 1.279486164595840790e-04 1.185745716108536820e-03 2.098318843173996393e-03 1.276662414269459037e-03 2.460510009198207579e-04 6.819908604564837822e-04 1.317402901453376153e-04
1.000000000000000021e-02 5.352683070921748949e-03 9.785986111768885803e-03 5.072053382374168765e-03 1.424376042101702967e-03 2.529659768796127962e-03 1.491659946827428307e-03 1.095677190618626479e-01 1.098620327805459179e-01 9.971898932959266659e-02 4.187241145193284879e-03 1.154167211064011621e-02 3.845253278302864560e-03
5.000000000000000278e-02 1.113747127031275153e-01 1.321556078270126888e-01 1.097647022965519970e-01 1.639892376911018801e-02 4.122898671663099285e-02 1.985764057454649303e-02 5.217768492285094206e-01 6.016798977869383114e-01 5.153547186525664348e-01 4.158113971613495302e-02 1.622981544756148808e-01 2.478271414331707431e-02
1.000000000000000056e-01 4.169764188279921902e-01 5.254213946080954489e-01 3.921974479194929031e-01 4.897306786966619530e-02 4.559011290171401803e-02 4.067963908378117305e-02 5.108504044712043335e-01 8.377778459842428749e-01 4.996610560761254871e-01 1.540506859340172799e-02 1.797943367435514417e-01 1.623367473805251496e-02
2.000000000000000111e-01 3.698227283106385599e-01 4.144914786705189980e-01 3.468018350134569605e-01 3.652800883886341693e-02 9.423949990668990806e-02 3.307595532877845995e-02 7.462344377614519297e-01 7.520048705296364933e-01 7.293005464545717631e-01 3.719185479059042287e-02 1.086881395584236992e-01 1.909508338997598434e-02
4.000000000000000222e-01 2.970610438008108312e-01 3.075182395497834120e-01 3.113881375444592647e-01 1.312198237855459124e-02 2.484457995049670770e-02 2.547167568977054541e-02 9.008804476839348263e-01 9.523724081612124914e-01 9.262500039869191459e-01 1.903002808643163360e-02 2.488664541018391629e-01 2.891405417269509934e-02
