# noise weak_mean weak_std strong_mean strong_std
1.000000000000000021e-08 4.056888744566055499e-02 3.659212914095374736e-07 7.299631046025130410e-02 4.620931473147215401e-06
9.999999999999999547e-08 4.056281700445405619e-02 3.011019322111332794e-06 7.305307029993955703e-02 3.511048097987791585e-05
9.999999999999999547e-07 4.056459815252139861e-02 4.274875588900323663e-05 7.332195569987576267e-02 6.043015344169316199e-04
1.000000000000000082e-05 4.148924249224194422e-02 4.195131003060511643e-04 8.664594815317901155e-02 1.690717483898116673e-03
1.000000000000000048e-04 8.805489574661963526e-02 5.651123804778602350e-03 5.258949383018040047e-01 2.977664946645582761e-02
2.999999999999999737e-04 2.199551235105012825e-01 2.300756825070440076e-02 2.678780762166109941e+00 2.478800464920774826e-01
1.000000000000000021e-03 8.831496376235173917e-01 5.798486964468962945e-02 2.307254627274636860e+01 5.184842811561527043e+00
1.000000000000000021e-02 8.140327114751963578e+00 2.464548647754509769e-01 3.891014081293415643e+02 6.019854537319460519e+00
1.000000000000000056e-01 7.169994841159564203e+01 4.563397389011784711e+00 1.580428013136358231e+03 1.244878590831080203e+02
