# D=4 n_traj=5 M=10000 dt=0.01 K=2 h=0.2 omega_min=-5.0 omega_max=5.0 r_frac=0.0083 n_trials=1
# noise weak_mean_d0 weak_mean_d1 weak_mean_d2 weak_mean_d3 weak_std_d0 weak_std_d1 weak_std_d2 weak_std_d3 strong_mean_d0 strong_mean_d1 strong_mean_d2 strong_mean_d3 strong_std_d0 strong_std_d1 strong_std_d2 strong_std_d3
1.000000000000000082e-05 1.002947504954740068e-04 1.001127864447201170e-04 1.000323584205196708e-04 1.001209030166572286e-04 0.000000000000000000e+00 0.000000000000000000e+00 0.000000000000000000e+00 0.000000000000000000e+00 2.491753515500904964e-04 3.027800089460556997e-04 2.749134630774784376e-04 2.470177114996267766e-04 0.000000000000000000e+00 0.000000000000000000e+00 0.000000000000000000e+00 0.000000000000000000e+00
1.000000000000000048e-04 1.054128177382431404e-04 1.082099213182509997e-04 1.108880324253962976e-04 1.034720908302919925e-04 0.000000000000000000e+00 0.000000000000000000e+00 0.000000000000000000e+00 0.000000000000000000e+00 2.491724080968024235e-04 3.048491343259685828e-04 2.855890123366345277e-04 2.529532732735562247e-04 0.000000000000000000e+00 0.000000000000000000e+00 0.000000000000000000e+00 0.000000000000000000e+00
1.000000000000000021e-03 2.052738785806660488e-04 5.295270978448230782e-04 4.712891526566832540e-04 2.360342297515018780e-04 0.000000000000000000e+00 0.000000000000000000e+00 0.000000000000000000e+00 0.000000000000000000e+00 3.357980685251729484e-04 5.864825806121586526e-04 6.214125233230916815e-04 3.471242785757705572e-04 0.000000000000000000e+00 0.000000000000000000e+00 0.000000000000000000e+00 0.000000000000000000e+00
1.000000000000000021e-02 1.842408113481043812e-03 5.342802544563782750e-03 6.222802973880984904e-03 2.634147400144977794e-03 0.000000000000000000e+00 0.000000000000000000e+00 0.000000000000000000e+00 0.000000000000000000e+00 2.622158480684761393e-03 1.080137348844633673e-02 1.682496745422049425e-02 4.139547041370531498e-03 0.000000000000000000e+00 0.000000000000000000e+00 0.000000000000000000e+00 0.000000000000000000e+00
5.000000000000000278e-02 1.172971343236687419e-02 2.742010861892676607e-02 2.582993571263588611e-02 9.397081150852673939e-03 0.000000000000000000e+00 0.000000000000000000e+00 0.000000000000000000e+00 0.000000000000000000e+00 4.610378541018102933e-02 1.483883752548684487e-01 1.604227058667302142e-01 6.455054138863114410e-02 0.000000000000000000e+00 0.000000000000000000e+00 0.000000000000000000e+00 0.000000000000000000e+00
1.000000000000000056e-01 2.349281698645649258e-02 5.878688463444416146e-02 3.818994996320345531e-02 2.256045633891867394e-02 0.000000000000000000e+00 0.000000000000000000e+00 0.000000000000000000e+00 0.000000000000000000e+00 1.961975706133323172e-01 3.987122999944664459e-01 4.589927139658320221e-01 1.192615454537481606e-01 0.000000000000000000e+00 0.000000000000000000e+00 0.000000000000000000e+00 0.000000000000000000e+00
2.000000000000000111e-01 3.894703285016914290e-02 9.086981862271983901e-02 1.231314532246275267e-01 4.533745876322249624e-02 0.000000000000000000e+00 0.000000000000000000e+00 0.000000000000000000e+00 0.000000000000000000e+00 2.115088497993277972e-01 6.581656955561171474e-01 5.856775859231448944e-01 3.346714467813440286e-01 0.000000000000000000e+00 0.000000000000000000e+00 0.000000000000000000e+00 0.000000000000000000e+00
4.000000000000000222e-01 1.231709665549308996e-01 2.244536595069852036e-01 2.229086776890085442e-01 1.094614450765481750e-01 0.000000000000000000e+00 0.000000000000000000e+00 0.000000000000000000e+00 0.000000000000000000e+00 5.293690042466538959e-01 1.147485225108663798e+00 1.564227878376705627e+00 5.306761852583540273e-01 0.000000000000000000e+00 0.000000000000000000e+00 0.000000000000000000e+00 0.000000000000000000e+00
