# D=5 M=10000 dt=0.015 F=8 r_frac=0.0083 n_trials=10
# noise weak_mean_d0 weak_mean_d1 weak_mean_d2 weak_mean_d3 weak_mean_d4 weak_std_d0 weak_std_d1 weak_std_d2 weak_std_d3 weak_std_d4 strong_mean_d0 strong_mean_d1 strong_mean_d2 strong_mean_d3 strong_mean_d4 strong_std_d0 strong_std_d1 strong_std_d2 strong_std_d3 strong_std_d4
1.000000000000000082e-05 9.796412936540662406e-05 1.028944228635962925e-04 9.425841268519763786e-05 9.363445964237340281e-05 9.875487421263347352e-05 7.429530582675169913e-06 1.008622866081469183e-05 1.264332274698297736e-05 1.018881390800100693e-05 1.058321871359321970e-05 8.995350669563995441e-03 1.107678153234324669e-02 1.776352150091533742e-03 6.709453168320340943e-03 2.352398927824339396e-03 5.790364507347712710e-06 9.113384290338734657e-06 5.753911513975346395e-06 7.349768005844898641e-06 5.790652014918402343e-06
1.000000000000000048e-04 1.492431613737073867e-04 8.444336773708052365e-05 1.919539617514901572e-04 1.239088578811700669e-04 1.852635970866953988e-04 9.238241525191352710e-05 3.986870923298481260e-05 9.032470823858775597e-05 6.460387637529526835e-05 1.179026115197232704e-04 8.979776213752682298e-03 1.110433624671038413e-02 1.765665857381042928e-03 6.727365641966756571e-03 2.366061570414069309e-03 1.181446497666384967e-04 8.592078312475128952e-05 6.394839493645275463e-05 7.632150222490724067e-05 6.661341294461201122e-05
1.000000000000000021e-03 1.032314706009132771e-03 8.349920071881718284e-04 1.117799529887237436e-03 1.178144284392179620e-03 6.837279241301300265e-04 6.044511233876437338e-04 4.640862936874463256e-04 8.608302371712120687e-04 8.773415937669858979e-04 5.518216914029142788e-04 9.363256985321869591e-03 1.117023963134415251e-02 1.854390468084118589e-03 6.729265890707254380e-03 2.413301164177544030e-03 9.011861794458014266e-04 4.502638069755830991e-04 3.545833239759396661e-04 5.938757923745264546e-04 2.660671282921688117e-04
1.000000000000000021e-02 1.151942452723732357e-02 7.345531784070329258e-03 1.121832597936359317e-02 1.270706851840193788e-02 1.370762210924296801e-02 1.000334290273045997e-02 3.874034311036579463e-03 7.600479934151973052e-03 1.099188303354444590e-02 1.004292665118774672e-02 1.469199703209742892e-02 1.490330583180886695e-02 1.110122489450682953e-02 7.908099502203782064e-03 1.008892529985100199e-02 1.042146343601340307e-02 5.470968492084311331e-03 6.821844749681503159e-03 4.360051921513735315e-03 4.018257897320123492e-03
5.000000000000000278e-02 4.277876576075925058e-02 5.980590293213945696e-02 4.606607970046720790e-02 6.601892362107938950e-02 5.236047595078217182e-02 2.218777391647460545e-02 3.486213867735352134e-02 2.482295783519191529e-02 4.575345506708040910e-02 2.827929152362832627e-02 9.133207423313978446e-02 6.974308469267828658e-02 4.674572266729333514e-02 5.640491691192946883e-02 5.353627600130831526e-02 4.565833206786914372e-02 3.956758320189512901e-02 2.559013797958164041e-02 2.807409333073850044e-02 2.197911866190766297e-02
1.000000000000000056e-01 1.045258540209220710e-01 1.202232910837810059e-01 1.442632326494823203e-01 7.657822488612076040e-02 9.421931916141440544e-02 6.307931252924610377e-02 9.809822852557634199e-02 8.956030027808199734e-02 5.732284095694746562e-02 4.375640905166781891e-02 2.740903055834113533e-01 2.175812524355277000e-01 2.133677339469654544e-01 1.721185870456141687e-01 1.466775990643602867e-01 1.255400328086009876e-01 8.953001418694890579e-02 9.784535614465732223e-02 7.570802016190453232e-02 4.428857883936149209e-02
2.000000000000000111e-01 2.951503066042920898e-01 1.544694298731340565e-01 2.669410359793634169e-01 2.430046513641361816e-01 1.728379948265708899e-01 2.137111114090476105e-01 9.729544107556521715e-02 1.614380887213326121e-01 2.077235386374643999e-01 7.406848910595410784e-02 4.357919294294440027e-01 4.698527909708173356e-01 5.300518888410656881e-01 3.801988989464006874e-01 4.462899866384599790e-01 1.931363069216984474e-01 3.744185362992984434e-01 2.543432304487029949e-01 2.074765802687793537e-01 2.244259236508726885e-01
4.000000000000000222e-01 4.722237374334725679e-01 3.008455724299653467e-01 3.692925345352909283e-01 3.181956681091857586e-01 2.818950392844591923e-01 1.828347046015092736e-01 1.129871772622612208e-01 1.904913551090210988e-01 1.933305745597916903e-01 1.319307816263881883e-01 7.291586539741978790e-01 7.520448039273553986e-01 7.467197455941960715e-01 7.831673851210496640e-01 8.098766257121912115e-01 3.185169436401871779e-01 2.589219948824548201e-01 2.405284760463201055e-01 3.287450655159739887e-01 2.719027130033246364e-01
